1	-558779.279	462.133	462.133	461.533
2	-418968.359	463.033	463.100	463.967
3	460.267	463.300	463.100	465.267
4	462.500	463.600	464.333	466.400
5	461.667	464.667	464.800	467.467
6	462.533	464.667	465.567	468.300
7	-418969.726	464.867	465.767	468.933
8	461.300	465.333	465.767	469.533
9	-418968.526	465.333	465.967	469.967
10	458.600	465.533	466.167	470.333
11	462.233	465.967	466.267	470.533
12	-139347.520	465.967	466.367	470.867
13	460.933	466.433	466.367	471.000
14	461.800	466.433	466.533	471.133
15	460.200	466.433	466.633	471.200
16	459.433	466.633	466.633	471.300
17	461.733	466.633	466.733	471.333
18	462.567	466.633	466.833	471.433
19	461.000	466.733	467.133	471.433
20	461.200	466.733	467.133	471.500
21	460.100	466.733	467.133	471.567
22	461.467	466.733	467.133	471.600
23	462.067	466.733	467.367	471.633
24	460.233	466.733	467.467	471.667
25	461.533	466.967	467.467	471.667
26	460.567	466.967	467.600	471.700
27	462.667	467.167	468.000	471.767
28	461.767	467.167	468.333	471.767
29	461.400	467.167	468.333	471.767
30	461.500	467.167	468.667	471.833
31	460.467	467.167	468.867	471.867
32	462.733	467.300	469.033	471.867
33	462.633	467.500	469.033	471.900
34	461.933	467.700	469.133	471.967
35	462.633	467.700	469.267	472.000
36	463.500	467.700	469.500	472.000
37	462.100	467.833	469.700	472.000
38	464.067	467.933	469.700	472.033
39	461.467	468.033	469.800	472.033
40	462.067	468.033	469.800	472.067
41	462.700	468.033	469.933	472.067
42	463.667	468.233	469.967	472.100
43	463.400	468.433	470.033	472.100
44	463.033	468.433	470.033	472.133
45	462.267	468.533	470.167	472.167
46	-558778.379	468.533	470.167	472.167
47	462.400	468.533	470.167	472.200
48	462.767	468.633	470.167	472.233
49	464.100	468.767	470.167	472.233
50	462.733	468.767	470.167	472.233
51	461.100	468.967	470.367	472.233
52	461.967	468.967	470.367	472.233
53	462.867	469.200	470.367	472.267
54	463.700	469.200	470.367	472.267
55	463.400	469.233	470.500	472.267
56	464.033	469.233	470.500	472.267
57	462.567	469.233	470.533	472.267
58	462.333	469.333	470.533	472.267
59	462.133	469.367	470.533	472.333
60	463.500	469.367	470.533	472.367
61	462.900	469.367	470.533	472.400
62	462.400	469.367	470.533	472.400
63	464.167	469.367	470.633	472.433
64	462.833	469.467	470.633	472.467
65	-418966.259	469.467	470.633	472.467
66	463.700	469.667	470.633	472.500
67	464.733	469.667	470.733	472.500
68	464.200	469.667	470.733	472.500
69	464.300	469.800	470.733	472.500
70	464.800	469.900	470.733	472.500
71	463.167	469.900	470.733	472.500
72	462.600	470.400	470.733	472.500
73	462.900	470.400	470.733	472.500
74	464.200	470.400	470.733	472.500
75	464.167	470.400	470.733	472.500
76	464.900	470.400	470.733	472.500
77	462.967	470.400	470.733	472.500
78	464.067	470.533	470.733	472.500
79	463.200	470.533	470.733	472.500
80	464.500	470.533	470.833	472.500
81	464.033	470.533	470.833	472.500
82	465.133	470.733	470.833	472.500
83	463.233	470.833	470.833	472.500
84	463.133	470.833	470.833	472.500
85	462.567	470.833	470.833	472.500
86	462.200	470.833	470.833	472.500
87	462.800	471.033	470.867	472.500
88	464.433	471.033	470.867	472.500
89	464.033	471.033	470.867	472.500
90	465.100	471.033	470.867	472.533
91	463.767	471.167	470.967	472.533
92	462.800	471.167	470.967	472.533
93	463.600	471.167	470.967	472.533
94	465.133	471.167	470.967	472.533
95	465.033	471.267	470.967	472.533
96	464.333	471.267	471.100	472.533
97	464.067	471.267	471.100	472.533
98	463.700	471.267	471.100	472.533
99	464.400	471.267	471.200	472.533
100	464.900	471.267	471.200	472.533
101	463.933	471.367	471.200	472.533
102	463.867	471.367	471.200	472.533
103	464.000	471.367	471.200	472.533
104	465.333	471.367	471.200	472.533
105	464.967	471.367	471.200	472.567
106	464.933	471.367	471.200	472.567
107	464.433	471.367	471.200	472.567
108	463.833	471.367	471.200	472.567
109	464.233	471.367	471.200	472.567
110	464.767	471.367	471.200	472.567
111	462.767	471.367	471.200	472.567
112	464.233	471.367	471.200	472.567
113	464.033	471.633	471.200	472.567
114	465.000	471.633	471.200	472.567
115	464.233	471.633	471.200	472.567
116	463.200	471.767	471.200	472.600
117	465.233	471.767	471.200	472.600
118	463.833	471.767	471.200	472.600
119	463.733	471.767	471.200	472.600
120	464.400	471.767	471.200	472.600
121	463.567	471.767	471.200	472.600
122	464.467	471.767	471.200	472.600
123	464.067	471.767	471.200	472.600
124	463.667	471.767	471.200	472.600
125	465.267	471.767	471.200	472.600
126	463.867	471.767	471.200	472.600
127	464.633	471.767	471.200	472.600
128	464.000	471.867	471.200	472.633
129	464.333	471.867	471.200	472.633
130	464.533	471.867	471.200	472.633
131	464.667	471.867	471.200	472.633
132	464.467	471.867	471.200	472.633
133	463.667	471.867	471.200	472.633
134	464.333	471.867	471.200	472.633
135	465.133	471.867	471.300	472.633
136	464.133	471.867	471.300	472.667
137	465.433	471.867	471.300	472.700
138	464.100	471.867	471.300	472.733
139	463.967	471.867	471.300	472.733
140	463.533	471.867	471.300	472.733
141	464.233	471.967	471.300	472.767
142	465.500	471.967	471.300	472.767
143	465.233	471.967	471.300	472.767
144	464.700	472.067	471.300	472.767
145	464.167	472.067	471.300	472.767
146	463.267	472.067	471.300	472.767
147	463.133	472.067	471.300	472.767
148	462.767	472.067	471.300	472.800
149	465.200	472.067	471.400	472.833
150	465.167	472.067	471.500	472.833
151	465.267	472.067	471.500	472.833
152	465.867	472.067	471.500	472.833
153	465.100	472.067	471.500	472.833
154	463.900	472.267	471.500	472.867
155	465.233	472.267	471.500	472.867
156	465.700	472.267	471.500	472.867
157	464.267	472.267	471.500	472.867
158	465.900	472.267	471.500	472.867
159	465.100	472.267	471.500	472.900
160	464.667	472.267	471.500	472.900
161	464.267	472.267	471.500	472.900
162	465.233	472.267	471.500	472.900
163	464.933	472.400	471.500	472.900
164	465.633	472.400	471.500	472.900
165	464.667	472.400	471.500	472.900
166	464.733	472.667	471.500	472.900
167	465.533	472.667	471.500	472.900
168	465.733	472.667	471.500	472.900
169	464.133	472.667	471.500	472.900
170	464.700	472.667	471.500	472.900
171	464.600	472.667	471.600	472.900
172	464.500	472.667	471.600	472.933
173	464.033	472.667	471.700	472.933
174	465.200	472.667	471.700	472.933
175	464.500	472.667	471.700	472.933
176	463.700	472.667	471.700	472.933
177	464.733	472.700	471.700	472.933
178	463.467	472.700	471.700	472.933
179	465.300	472.700	471.700	472.967
180	464.367	472.700	471.700	472.967
181	465.600	472.700	471.700	473.033
182	463.167	472.700	471.700	473.033
183	464.667	472.700	471.800	473.033
184	465.367	472.700	471.800	473.067
185	464.267	472.700	471.800	473.067
186	465.100	472.700	471.800	473.067
187	464.633	472.700	471.800	473.067
188	465.033	472.700	471.800	473.067
189	464.233	472.700	471.800	473.067
190	465.533	472.700	471.800	473.067
191	465.833	472.800	471.800	473.067
192	464.600	472.800	471.800	473.067
193	465.800	472.800	471.800	473.067
194	465.400	473.000	471.800	473.067
195	463.933	473.000	471.800	473.067
196	465.567	473.000	471.800	473.067
197	466.033	473.000	471.800	473.067
198	465.067	473.000	471.800	473.067
199	466.100	473.000	471.800	473.067
200	465.633	473.000	471.800	473.067
201	465.767	473.000	471.800	473.067
202	465.867	473.000	471.800	473.067
203	465.700	473.000	471.800	473.067
204	465.200	473.000	471.800	473.067
205	465.967	473.000	471.800	473.067
206	465.833	473.000	471.800	473.067
207	465.967	473.000	471.800	473.067
208	464.967	473.000	471.800	473.067
209	465.333	473.000	471.800	473.067
210	464.833	473.000	471.800	473.067
211	466.767	473.000	471.800	473.067
212	465.900	473.000	471.800	473.067
213	465.900	473.033	471.800	473.067
214	466.633	473.033	471.800	473.067
215	465.167	473.033	471.800	473.067
216	465.900	473.033	471.800	473.067
217	465.133	473.033	471.800	473.067
218	465.933	473.033	471.800	473.067
219	465.967	473.033	471.900	473.067
220	466.600	473.033	471.900	473.067
221	465.333	473.133	471.900	473.067
222	466.367	473.133	471.900	473.067
223	464.800	473.133	471.900	473.067
224	465.100	473.133	471.900	473.067
225	465.800	473.133	471.900	473.067
226	466.367	473.267	471.900	473.067
227	465.633	473.267	471.900	473.067
228	465.467	473.267	471.900	473.067
229	466.967	473.267	471.900	473.067
230	466.667	473.367	471.900	473.067
231	466.033	473.367	471.900	473.067
232	465.100	473.367	471.900	473.067
233	465.867	473.367	471.900	473.067
234	465.100	473.367	471.900	473.133
235	465.867	473.367	471.900	473.133
236	463.933	473.367	471.900	473.133
237	466.200	473.367	471.900	473.133
238	465.367	473.467	471.900	473.133
239	466.333	473.467	471.900	473.167
240	465.400	473.467	471.900	473.167
241	465.333	473.467	471.900	473.167
242	465.667	473.467	471.900	473.167
243	465.867	473.467	471.900	473.167
244	466.467	473.467	471.900	473.167
245	466.333	473.467	471.900	473.167
246	465.433	473.467	471.900	473.167
247	466.067	473.467	471.900	473.167
248	465.900	473.467	471.900	473.167
249	466.100	473.467	471.900	473.167
250	465.733	473.467	471.900	473.167
251	465.767	473.467	471.900	473.200
252	466.600	473.467	471.900	473.200
253	466.667	473.467	471.900	473.200
254	466.533	473.467	471.900	473.200
255	466.600	473.467	471.900	473.200
256	466.967	473.467	471.900	473.200
257	466.533	473.467	471.900	473.200
258	466.467	473.467	471.900	473.200
259	466.200	473.567	471.900	473.200
260	466.433	473.567	471.900	473.200
261	466.333	473.667	471.900	473.200
262	466.267	473.667	471.900	473.200
263	465.600	473.767	471.900	473.233
264	466.167	473.767	471.900	473.233
265	466.333	473.767	471.900	473.267
266	466.033	473.767	471.900	473.267
267	465.967	473.767	472.000	473.267
268	466.833	473.767	472.000	473.267
269	466.333	473.767	472.000	473.267
270	465.867	473.767	472.000	473.267
271	465.433	473.767	472.000	473.267
272	466.233	473.767	472.000	473.267
273	466.700	473.767	472.000	473.267
274	465.900	473.767	472.000	473.267
275	466.233	473.767	472.000	473.300
276	466.333	473.767	472.000	473.300
277	466.200	473.767	472.000	473.300
278	466.033	473.767	472.000	473.333
279	465.633	473.767	472.000	473.333
280	466.833	473.767	472.000	473.333
281	466.100	473.767	472.000	473.333
282	466.300	473.767	472.000	473.333
283	465.933	473.767	472.000	473.333
284	466.333	473.867	472.000	473.333
285	466.567	473.867	472.000	473.333
286	466.433	473.867	472.000	473.333
287	467.433	473.867	472.000	473.333
288	465.900	473.867	472.000	473.333
289	465.933	473.867	472.000	473.333
290	466.033	473.867	472.000	473.333
291	466.467	473.867	472.000	473.333
292	465.967	473.867	472.000	473.333
293	465.967	473.867	472.000	473.333
294	465.367	473.867	472.000	473.333
295	464.867	473.867	472.000	473.333
296	465.933	473.967	472.000	473.333
297	465.867	473.967	472.100	473.333
298	465.233	473.967	472.100	473.333
299	465.767	473.967	472.100	473.333
300	465.433	473.967	472.100	473.333
301	466.933	474.067	472.100	473.333
302	465.167	474.067	472.100	473.333
303	466.667	474.167	472.100	473.333
304	466.567	474.167	472.100	473.367
305	466.733	474.167	472.100	473.367
306	466.400	474.167	472.100	473.400
307	466.267	474.167	472.100	473.400
308	466.633	474.167	472.100	473.400
309	468.000	474.167	472.100	473.400
310	467.300	474.167	472.100	473.400
311	466.833	474.167	472.100	473.400
312	466.433	474.167	472.100	473.400
313	465.767	474.167	472.100	473.400
314	465.467	474.167	472.100	473.433
315	466.000	474.167	472.100	473.467
316	465.933	474.167	472.100	473.467
317	466.267	474.167	472.100	473.467
318	466.367	474.167	472.100	473.467
319	467.133	474.167	472.100	473.467
320	467.100	474.167	472.100	473.467
321	466.200	474.167	472.100	473.467
322	467.067	474.167	472.100	473.467
323	466.300	474.167	472.100	473.467
324	466.467	474.167	472.100	473.467
325	466.967	474.167	472.100	473.467
326	466.100	474.167	472.100	473.467
327	465.967	474.167	472.100	473.467
328	466.433	474.167	472.100	473.467
329	465.900	474.167	472.100	473.467
330	465.333	474.167	472.100	473.467
331	466.967	474.167	472.100	473.467
332	467.033	474.167	472.100	473.467
333	466.467	474.167	472.100	473.467
334	466.333	474.167	472.100	473.467
335	467.967	474.167	472.100	473.467
336	465.533	474.167	472.100	473.467
337	466.500	474.167	472.100	473.467
338	466.233	474.300	472.100	473.467
339	466.267	474.300	472.100	473.467
340	466.967	474.300	472.100	473.467
341	465.900	474.300	472.100	473.467
342	465.700	474.300	472.100	473.467
343	466.967	474.300	472.100	473.467
344	465.733	474.300	472.100	473.467
345	466.333	474.300	472.100	473.467
346	467.067	474.300	472.100	473.467
347	465.233	474.300	472.100	473.467
348	465.900	474.300	472.100	473.467
349	467.667	474.300	472.100	473.500
350	467.233	474.300	472.100	473.500
351	466.633	474.300	472.100	473.500
352	466.300	474.300	472.100	473.500
353	466.367	474.300	472.100	473.500
354	466.967	474.300	472.100	473.567
355	466.733	474.433	472.100	473.567
356	466.333	474.433	472.100	473.567
357	466.567	474.433	472.100	473.567
358	466.333	474.433	472.100	473.567
359	465.567	474.433	472.100	473.567
360	466.467	474.433	472.100	473.600
361	466.300	474.433	472.100	473.600
362	466.700	474.433	472.100	473.600
363	466.867	474.433	472.100	473.600
364	465.400	474.433	472.100	473.600
365	466.333	474.433	472.100	473.600
366	466.567	474.433	472.100	473.600
367	466.700	474.433	472.100	473.600
368	466.567	474.433	472.100	473.600
369	465.867	474.433	472.100	473.600
370	466.200	474.433	472.100	473.600
371	465.833	474.433	472.100	473.600
372	467.033	474.433	472.100	473.600
373	465.867	474.433	472.100	473.600
374	467.000	474.433	472.100	473.600
375	466.767	474.433	472.100	473.600
376	466.467	474.433	472.100	473.633
377	466.000	474.433	472.100	473.633
378	466.767	474.533	472.100	473.633
379	467.000	474.533	472.100	473.633
380	466.433	474.533	472.100	473.633
381	466.267	474.533	472.100	473.633
382	466.200	474.533	472.100	473.633
383	466.533	474.533	472.100	473.667
384	466.333	474.533	472.100	473.667
385	467.233	474.533	472.100	473.667
386	466.733	474.533	472.100	473.667
387	466.367	474.533	472.100	473.667
388	467.667	474.533	472.100	473.667
389	466.800	474.533	472.100	473.700
390	466.800	474.533	472.100	473.700
391	466.400	474.533	472.100	473.700
392	466.367	474.533	472.100	473.700
393	467.300	474.533	472.100	473.700
394	466.267	474.533	472.100	473.700
395	465.633	474.533	472.100	473.700
396	466.500	474.533	472.100	473.700
397	466.300	474.533	472.100	473.700
398	467.600	474.533	472.100	473.700
399	466.067	474.533	472.100	473.700
400	466.767	474.533	472.100	473.700
401	466.367	474.533	472.100	473.700
402	465.833	474.533	472.100	473.700
403	466.900	474.533	472.100	473.700
404	466.067	474.533	472.100	473.700
405	467.267	474.533	472.100	473.700
406	467.600	474.533	472.100	473.733
407	466.400	474.533	472.100	473.733
408	466.233	474.533	472.100	473.733
409	467.067	474.533	472.100	473.733
410	465.800	474.533	472.100	473.733
411	466.100	474.533	472.100	473.733
412	466.333	474.533	472.100	473.733
413	466.367	474.533	472.100	473.733
414	466.467	474.533	472.100	473.733
415	466.700	474.533	472.100	473.733
416	466.367	474.533	472.100	473.767
417	465.733	474.533	472.100	473.767
418	467.267	474.533	472.100	473.767
419	467.000	474.533	472.100	473.767
420	466.300	474.533	472.100	473.767
421	466.433	474.533	472.100	473.767
422	466.467	474.533	472.100	473.767
423	466.633	474.533	472.100	473.767
424	466.600	474.533	472.100	473.767
425	465.567	474.533	472.100	473.767
426	467.333	474.533	472.100	473.767
427	466.833	474.533	472.100	473.767
428	466.600	474.533	472.100	473.767
429	465.967	474.533	472.100	473.767
430	466.267	474.633	472.100	473.767
431	466.433	474.633	472.100	473.767
432	466.467	474.633	472.100	473.767
433	468.100	474.633	472.100	473.767
434	466.800	474.633	472.100	473.767
435	466.100	474.633	472.100	473.767
436	465.367	474.633	472.100	473.767
437	466.333	474.633	472.100	473.767
438	466.733	474.633	472.100	473.767
439	465.967	474.633	472.100	473.767
440	466.667	474.633	472.100	473.767
441	466.300	474.633	472.100	473.767
442	467.000	474.633	472.100	473.767
443	466.033	474.633	472.100	473.800
444	466.633	474.767	472.100	473.800
445	467.533	474.767	472.100	473.800
446	466.667	474.767	472.100	473.800
447	465.967	474.767	472.100	473.800
448	466.633	474.767	472.100	473.800
449	466.233	474.767	472.100	473.800
450	466.200	474.767	472.100	473.800
451	466.767	474.767	472.100	473.800
452	467.233	474.767	472.100	473.800
453	466.333	474.767	472.100	473.800
454	467.767	474.767	472.100	473.800
455	465.900	474.767	472.100	473.800
456	466.833	474.767	472.100	473.800
457	466.800	474.767	472.100	473.800
458	465.500	474.767	472.100	473.800
459	466.800	474.767	472.100	473.800
460	466.567	474.767	472.100	473.800
461	466.300	474.767	472.100	473.800
462	465.633	474.767	472.100	473.800
463	465.567	474.767	472.100	473.800
464	465.700	474.767	472.100	473.800
465	465.600	474.767	472.100	473.800
466	464.700	474.767	472.100	473.800
467	467.333	474.767	472.100	473.800
468	466.967	474.767	472.100	473.800
469	466.467	474.767	472.100	473.800
470	465.567	474.767	472.100	473.800
471	466.067	474.767	472.100	473.800
472	465.667	474.767	472.100	473.800
473	466.833	474.867	472.100	473.800
474	466.067	474.867	472.100	473.800
475	466.600	474.867	472.100	473.800
476	467.000	474.867	472.100	473.800
477	466.567	474.867	472.100	473.800
478	466.867	474.867	472.100	473.800
479	467.133	474.867	472.100	473.800
480	466.267	474.867	472.100	473.800
481	465.533	474.867	472.100	473.800
482	466.933	474.867	472.100	473.800
483	467.400	474.867	472.100	473.800
484	466.700	474.867	472.100	473.833
485	466.900	474.867	472.100	473.833
486	466.967	474.867	472.100	473.833
487	466.833	474.867	472.100	473.833
488	466.033	474.867	472.100	473.833
489	466.133	474.867	472.100	473.833
490	466.633	474.867	472.100	473.833
491	465.900	474.867	472.100	473.833
492	466.233	474.867	472.100	473.833
493	467.133	474.867	472.100	473.833
494	466.667	474.867	472.100	473.833
495	467.867	474.867	472.100	473.833
496	467.600	474.867	472.100	473.833
497	467.467	474.867	472.100	473.867
498	466.733	474.867	472.100	473.867
499	466.233	474.867	472.100	473.867
500	466.700	474.867	472.100	473.867

